15 29 40 44 60
12 27 33 43 53
16 21 38 50 52
11 29 33 46 52
14 24 39 44 56
18 20 34 42 55
15 24 33 46 53
16 24 39 40 58
10 22 33 44 55
19 24 38 45 55
10 27 36 41 55
13 27 37 48 53
15 29 40 47 57
17 25 36 48 57
18 25 31 46 52
17 22 35 45 50
17 27 39 44 57
19 27 36 48 58
17 28 38 43 57
20 27 38 41 57
12 22 38 45 51
20 28 38 46 60
14 25 30 48 52
15 29 31 49 54
10 22 30 42 56
15 28 32 41 51
12 20 39 48 56
19 29 33 47 54
19 26 39 42 59
13 21 33 50 58
12 20 33 45 52
10 22 30 46 56
12 29 37 49 54
13 30 30 42 59
19 24 36 49 55
13 25 31 49 56
18 30 32 45 52
11 25 36 40 56
15 27 34 50 59
18 24 36 47 55
20 30 38 40 56
13 28 37 40 54
10 27 37 40 58
19 28 40 43 58
14 20 30 49 53
15 28 35 42 60
10 29 33 48 50
11 27 35 46 58
17 21 33 43 50
11 26 33 40 57
16 28 33 50 55
18 21 40 41 60
13 25 31 48 56
14 28 30 40 58
16 21 38 45 60
11 30 39 49 60
20 22 34 44 59
18 25 40 46 57
20 23 36 47 52
16 28 32 44 59
11 29 36 48 60
12 28 32 48 51
11 21 35 41 50
14 28 39 45 60
18 26 35 40 59
10 20 32 42 60
17 20 39 47 50
11 27 31 40 53
14 24 33 48 56
11 25 36 47 56
12 30 35 41 52
16 24 38 45 59
14 24 35 48 58
17 21 30 42 57
20 24 32 48 51
15 22 40 47 57
14 22 34 47 58
17 23 37 46 56
11 21 37 40 60
10 23 39 48 51
12 21 38 43 59
11 25 31 46 50
17 29 31 40 56
15 22 40 48 55
18 25 40 42 52
17 24 36 49 56
16 30 37 49 50
12 22 38 48 58
11 24 35 40 60
12 21 36 48 57
11 20 32 44 52
20 30 34 45 57
16 22 32 46 51
20 29 37 41 51
15 25 39 44 55
14 20 38 49 58
16 21 33 45 51
11 25 38 43 54
19 22 40 48 59
10 23 35 48 53
11 20 33 40 52
15 20 40 43 52
15 28 30 49 56
18 24 36 46 52
17 24 32 41 53
17 23 34 41 52
20 25 33 47 54
20 27 30 48 59
12 21 40 46 52
13 22 34 50 55
14 29 38 46 60
20 29 32 43 54
11 23 38 47 57
20 29 37 47 57
13 26 34 45 56
12 24 36 41 53
20 21 39 42 57
15 23 37 43 55
18 21 37 43 56
11 24 38 40 60
20 24 33 46 55
13 29 36 40 50
16 29 33 42 60
19 23 40 50 55
17 28 39 50 51
16 20 39 46 55
17 28 30 41 51
16 30 31 40 56
20 27 32 40 57
14 21 38 43 50
18 30 36 41 50
17 25 32 40 57
11 27 37 46 52
15 20 33 48 50
12 29 37 42 51
19 29 37 48 60
19 29 37 40 51
18 29 37 42 57
20 20 35 48 58
13 25 39 47 56
13 25 36 50 52
11 26 40 40 58
19 30 30 42 59
16 28 37 41 54
12 29 36 42 54
17 23 37 47 56
15 20 30 50 54
14 29 40 48 51
18 28 37 42 59
18 24 30 44 52
17 20 34 41 56
17 25 32 40 56
20 25 38 41 55
19 27 38 40 51
15 27 39 44 58
16 27 32 42 54
14 30 34 47 56
10 21 39 47 50
12 25 31 50 58
15 25 39 50 53
14 22 40 41 54
12 21 40 40 60
16 21 39 45 51
15 26 34 50 52
14 30 36 48 58
12 23 40 47 59
16 27 40 46 58
11 20 32 41 54
18 21 38 47 56
12 21 40 44 59
14 22 37 41 60
12 21 37 44 60
15 24 32 45 55
15 25 40 43 57
10 27 32 43 51
17 20 33 46 50
20 29 39 44 51
12 21 30 50 58
13 23 37 48 59
15 21 36 50 54
16 25 32 43 60
14 27 33 49 59
10 30 37 47 54
20 29 30 50 53
20 20 34 46 55
18 27 37 45 53
16 28 36 46 52
10 21 37 48 54
20 20 38 47 50
16 28 33 47 58
10 20 38 41 51
19 23 40 45 55
12 27 37 45 51
12 25 37 43 60
14 21 36 42 59
12 26 37 46 60
16 29 35 42 52
11 30 32 43 51
10 26 39 42 58
10 23 36 48 57
17 22 38 48 56
17 26 30 41 55
14 28 30 45 53
19 30 36 42 54
10 29 31 43 58
15 30 40 48 51
10 21 32 43 53
10 20 39 50 53
20 26 34 45 58
10 20 37 47 51
10 20 37 41 60
19 24 40 45 53
15 29 34 41 52
12 28 35 49 59
12 27 35 43 58
15 29 39 45 51
11 25 34 49 56
18 27 37 42 59
10 30 38 43 53
19 23 38 40 57
20 28 30 40 56
20 29 38 42 59
16 23 36 46 59
13 28 38 50 58
20 30 32 40 50
11 23 38 40 50
12 20 30 46 55
11 21 36 40 51
19 30 34 46 59
15 28 31 45 58
12 28 36 40 58
12 20 40 48 50
15 24 32 40 53
16 24 33 49 54
20 30 40 50 60
11 22 32 45 54
11 23 33 45 51
16 28 32 46 57
13 27 34 41 51
15 24 40 46 57
18 20 37 49 58
10 26 32 50 57
18 25 38 48 58
19 26 35 46 60
18 27 38 50 52
10 27 30 48 59
11 26 37 48 58
13 22 40 49 56
18 25 38 46 57
11 22 35 47 54
18 30 31 41 60
13 29 36 40 50
17 24 35 50 51
12 24 33 46 60
18 30 34 42 55
20 29 36 43 53
11 25 32 46 53
20 23 40 41 53
18 22 37 40 57
10 25 40 48 54
14 21 38 43 58
19 21 34 47 51
16 23 30 47 57
12 25 37 45 59
15 30 30 44 55
19 23 30 43 54
12 23 33 48 53
11 29 30 43 60
11 25 40 40 52
15 24 33 43 53
20 24 32 44 59
15 29 38 48 60
10 29 34 42 56
20 20 40 41 55
14 27 34 46 53
10 20 33 43 55
10 21 40 49 55
17 29 38 45 51
18 30 30 43 51
16 22 31 46 50
13 20 31 43 58
18 27 39 50 51
15 25 32 43 56
16 26 40 44 58
15 30 34 43 60
12 26 39 50 51
13 24 36 44 56
12 23 32 48 55
12 20 33 40 59
19 25 37 42 55
16 23 31 44 52
12 27 34 40 56
12 27 36 47 55
12 29 34 46 60
14 29 32 40 56
12 28 39 50 56
17 21 36 44 51
13 24 34 47 54
20 29 35 46 57
18 25 39 43 59
10 29 35 46 53
16 27 34 40 56
20 27 35 49 53
15 20 40 43 51
18 22 32 41 54
20 23 40 44 60
10 30 35 48 59
20 30 30 47 57
16 20 40 49 57
18 27 35 47 57
15 22 40 49 55
13 29 39 48 59
18 25 30 48 55
19 22 30 41 55
10 21 33 50 57
17 22 35 44 52
16 29 34 47 58
12 28 36 42 50
14 24 36 41 50
12 30 39 49 53
17 27 34 41 60
13 23 37 47 60
19 21 35 43 60
18 27 37 43 57
14 25 39 48 54
10 29 39 45 52
18 22 37 41 54
10 30 31 49 58
19 28 40 43 52
14 24 40 43 52
10 23 35 45 55
16 30 37 49 59
12 30 38 45 55
18 23 38 40 50
14 21 37 49 57
18 29 38 47 59
16 20 30 43 50
14 21 30 50 50
17 24 40 46 52
12 22 38 40 56
11 22 33 40 59
18 26 40 40 59
13 29 30 47 59
19 22 31 45 59
15 29 35 42 58
11 28 30 50 56
15 28 40 48 55
17 24 33 43 59
14 21 37 41 51
10 24 33 50 52
20 27 31 43 60
11 24 32 50 58
12 26 33 47 51
15 22 34 48 58
15 21 40 47 51
13 23 38 46 53
11 20 31 45 52
10 23 33 46 53
12 25 40 45 58
13 21 31 43 50
18 22 36 50 52
17 23 37 44 51
16 22 37 45 56
20 26 34 45 60
10 25 34 42 52
13 27 39 42 51
14 30 32 44 54
15 25 38 41 57
20 22 37 50 51
10 27 30 50 60
10 30 35 43 56
18 29 37 41 55
10 24 30 46 56
20 23 36 44 60
13 21 36 46 58
11 20 31 46 56
10 21 35 44 59
19 29 30 50 50
14 22 37 43 51
18 21 34 42 58
11 29 39 46 51
13 28 31 50 52
10 24 39 46 55
15 22 31 46 59
17 26 32 45 50
18 21 33 42 60
14 23 36 42 57
16 21 38 47 54
20 30 40 42 52
16 27 33 47 54
12 23 34 48 60
10 26 32 49 57
10 29 34 44 57
18 29 38 40 60
13 21 30 49 59
11 29 38 50 57
19 25 40 49 55
16 27 31 45 57
14 21 36 50 59
13 28 32 46 50
17 28 36 44 57
20 25 33 42 54
19 27 31 45 54
15 23 32 45 50
15 23 31 50 59
18 22 34 40 53
14 27 35 45 54
10 29 30 41 57
19 27 35 48 60
14 30 35 50 60
15 27 30 47 51
10 26 37 44 52
16 30 35 49 50
16 20 39 43 50
20 26 31 43 58
13 22 36 41 59
16 26 40 45 51
18 24 33 44 51
10 27 34 46 58
16 22 33 42 54
10 28 34 43 59
14 20 40 50 51
12 24 40 46 53
12 28 36 40 56
18 26 32 50 50
20 23 32 45 53
14 27 30 45 57
17 29 40 49 58
13 27 32 49 52
11 20 33 46 57
19 21 31 49 58
14 29 33 45 60
13 22 36 42 54
13 23 37 44 57
12 20 34 43 53
16 22 32 42 55
12 22 32 49 60
14 30 32 44 53
18 20 39 42 60
16 27 33 45 53
17 28 38 41 56
17 30 40 47 52
11 27 37 45 57
13 28 32 46 52
18 30 31 40 59
15 28 36 41 54
14 29 38 41 50
16 21 35 40 59
12 20 36 49 54
18 22 36 46 54
14 29 32 50 60
13 26 33 41 53
19 23 40 50 52
15 29 39 46 51
16 22 31 49 51
17 22 40 42 60
14 22 33 41 57
15 25 35 50 54
20 25 37 46 53
12 22 38 41 50
17 24 40 49 60
10 23 33 48 57
12 30 33 47 60
12 22 32 41 53
20 25 37 41 54
11 27 33 43 55
13 20 30 43 54
16 26 36 40 50
12 25 40 46 59
12 25 38 41 54
13 26 37 42 50
10 26 35 49 56
15 27 30 42 52
14 28 32 46 52
11 26 32 49 58
11 21 35 44 51
16 29 37 48 60
10 21 39 45 60
10 21 39 47 52
10 22 35 48 53
12 20 36 42 56
13 30 39 42 55
20 24 32 40 50
12 22 38 48 57
13 27 33 50 54
17 25 33 41 55
19 30 38 41 51
13 23 31 44 50
10 30 31 42 50
20 29 34 46 51
20 25 34 45 57
19 22 40 45 54
20 23 40 47 58
10 25 34 42 54
18 25 37 40 55
13 26 39 43 53
18 23 35 42 58
19 29 32 42 56
11 26 30 43 59
18 30 32 47 50
16 20 38 44 59
10 23 32 45 60
19 27 30 41 54
15 21 39 41 56
19 28 36 48 59
20 24 40 44 58
20 21 32 49 51
10 22 38 47 57
19 21 38 50 58
10 27 37 40 60
18 20 38 44 58
16 25 36 43 57
11 27 37 41 56
17 30 30 48 54
20 28 39 49 59
10 23 40 41 58
14 28 36 41 50
11 30 36 47 51
17 21 31 44 60
19 25 32 47 55
11 23 37 48 60
10 27 39 47 58
13 30 30 49 59
17 25 39 48 54
10 27 40 40 53
16 28 30 40 58
19 21 39 46 57
20 28 34 40 56
16 20 39 41 53
10 27 33 43 60
15 24 37 47 57
12 20 30 50 59
10 22 39 50 60
15 29 34 49 59
15 27 35 50 58
12 20 34 48 60
15 24 30 44 50
10 30 35 49 59
16 24 38 40 60
10 26 39 50 55
17 21 32 47 55
18 23 33 47 60
19 27 39 44 51
13 22 36 49 58
10 24 31 46 53
18 21 35 42 59
17 24 32 47 59
16 24 33 47 60
11 29 32 41 51
15 26 36 49 50
19 27 35 48 55
16 29 38 48 59
10 21 30 46 51
16 24 38 42 51
20 27 31 40 54
16 22 40 44 51
20 24 37 43 50
18 20 33 48 52
17 30 39 49 58
14 29 36 46 51
16 26 36 46 51
17 22 35 42 50
19 26 36 40 54
15 30 34 46 56
17 20 33 50 60
17 23 38 44 60
19 28 33 49 53
10 25 37 46 59
14 22 37 49 56
20 22 33 49 57
16 30 40 45 50
12 28 31 44 55
14 22 31 40 52
12 23 35 43 58
17 22 32 48 60
10 21 30 45 55
18 25 30 42 50
20 28 32 43 59
10 25 36 46 59
18 23 31 48 60
17 26 39 41 55
14 23 32 43 51
12 27 32 41 50
18 21 37 45 50
19 27 39 47 53
17 23 35 43 53
20 25 32 45 53
16 29 30 40 53
12 28 30 48 57
10 25 36 40 53
16 27 33 50 59
15 20 40 41 58
19 21 35 42 51
16 25 40 40 52
15 29 35 47 55
18 20 34 49 58
17 23 33 45 55
11 30 31 41 52
16 24 36 47 50
15 29 35 45 56
20 27 40 42 57
19 27 40 49 57
20 20 37 41 51
18 26 31 46 58
20 24 33 46 57
18 25 30 50 57
10 20 32 41 51
17 21 30 47 56
20 21 34 48 53
14 30 30 47 51
14 26 37 42 55
12 21 34 43 51
16 20 40 48 52
18 25 40 41 56
13 21 37 45 58
14 26 40 48 57
17 27 32 45 58
17 20 30 46 55
19 24 30 48 54
16 28 40 50 52
15 25 34 49 58
15 29 31 40 59
17 21 32 40 50
12 23 31 45 54
10 22 40 48 52
18 24 37 44 56
19 26 38 43 60
17 23 35 45 55
14 29 30 46 57
20 20 30 40 55
13 21 30 49 52
16 25 37 47 57
13 22 33 44 59
18 27 38 44 50
17 26 37 50 51
12 24 36 50 59
17 23 35 45 56
19 30 33 42 60
12 29 34 50 58
12 24 31 43 51
11 22 33 41 60
12 30 39 48 57
16 22 40 45 58
13 27 38 44 51
10 22 38 42 53
18 28 35 41 57
20 23 35 47 52
13 24 39 44 57
10 25 34 48 50
20 26 39 50 59
12 25 35 48 53
15 26 31 44 55
17 29 36 47 52
12 27 34 46 51
14 22 31 44 57
10 20 39 47 58
19 29 32 40 56
19 23 40 45 57
17 28 36 50 53
19 23 34 41 56
15 24 37 41 60
18 26 40 44 52
12 21 38 46 55
20 23 32 50 52
19 30 40 40 51
17 29 33 47 59
19 26 38 44 60
12 29 39 46 52
13 24 34 46 52
12 25 36 41 60
16 24 35 48 60
18 23 40 43 55
20 21 35 49 50
19 26 33 44 55
10 21 37 43 51
19 21 30 48 53
11 26 32 50 53
14 20 32 40 51
10 29 38 40 52
19 27 35 50 52
20 25 38 46 57
17 25 35 49 50
19 23 33 43 57
15 26 33 41 59
14 27 32 50 59
11 23 37 46 51
11 27 40 49 58
15 20 31 44 55
18 26 40 42 50
11 29 35 46 54
17 23 36 42 53
20 28 32 49 57
18 28 40 46 53
20 26 30 50 60
16 25 35 41 60
17 22 40 44 54
20 27 31 44 54
16 26 33 50 59
11 22 33 46 59
12 28 31 49 52
19 28 34 43 52
12 29 37 46 56
11 21 32 40 53
17 27 33 43 58
20 20 35 44 50
13 27 34 45 57
12 29 38 45 56
11 22 30 49 56
16 28 32 47 51
19 25 39 47 56
16 25 31 44 52
11 28 34 46 51
10 26 32 44 51
14 22 37 50 60
11 26 31 41 59
14 25 39 47 60
16 24 30 41 54
18 24 31 40 59
12 23 36 45 56
12 26 34 45 57
15 20 31 40 51
19 22 38 46 57
10 30 36 44 52
17 30 34 41 60
18 28 39 44 57
17 30 31 48 52
12 23 37 49 55
17 20 35 44 56
16 30 34 44 59
17 22 35 41 54
20 26 40 46 58
13 20 32 43 58
15 30 33 50 50
11 28 39 47 50
12 26 33 50 53
16 27 30 49 55
16 28 39 50 52
13 21 31 49 54
10 27 40 50 59
11 26 39 49 54
18 20 38 50 58
17 23 31 43 55
18 29 33 41 59
16 20 33 43 50
19 24 36 43 54
15 30 31 43 54
20 27 30 44 57
19 22 30 44 54
19 22 33 46 55
18 28 36 48 50
19 29 40 45 53
12 30 31 40 55
15 24 39 40 53
12 23 31 48 53
16 25 33 50 50
20 20 38 49 51
18 20 31 47 57
14 22 31 48 56
13 30 34 45 50
14 30 37 45 54
13 20 32 48 50
19 21 39 50 56
19 29 39 49 57
12 20 33 49 60
20 26 37 46 58
15 27 35 41 60
10 29 37 43 52
15 22 35 40 52
11 23 31 48 55
12 27 31 44 51
19 30 39 48 52
16 27 37 44 55
14 28 32 49 50
10 30 32 40 54
14 20 38 41 60
13 23 38 46 53
10 21 35 40 56
15 24 37 47 60
14 23 30 43 51
15 26 30 50 54
18 22 39 42 56
18 25 32 44 52
14 23 33 50 60
17 23 34 41 53
19 22 37 44 53
10 20 30 46 53
20 24 32 44 51
18 23 38 41 50
16 28 30 40 54
18 21 31 41 53
19 24 39 45 56
20 23 39 45 60
18 23 30 44 58
16 20 35 47 58
11 25 37 47 57
17 30 34 42 56
15 25 40 45 50
12 21 35 48 58
10 28 30 48 52
19 20 35 41 52
10 24 38 43 50
19 30 39 49 56
10 28 35 48 52
15 24 40 49 59
18 23 31 45 52
11 29 40 44 52
13 29 40 40 59
13 29 40 48 56
18 28 40 46 51
18 29 32 46 50
10 25 34 44 50
14 21 31 42 54
19 26 30 40 59
18 21 39 50 60
10 28 30 41 50
18 25 39 49 54
13 26 39 50 54
11 20 35 42 52
18 25 34 48 59
20 25 30 44 54
17 26 31 41 54
13 21 34 41 55
20 23 31 49 57
15 22 40 41 54
18 22 39 49 58
16 22 38 43 50
13 24 31 49 50
16 29 35 50 51
10 22 38 49 53
17 26 32 49 60
19 23 37 40 52
12 24 37 41 51
10 22 39 47 56
14 25 36 47 59
10 28 37 46 57
13 29 30 48 50
16 27 34 45 59
15 29 34 50 51
12 30 36 44 58
11 23 32 44 52
19 20 30 45 54
20 29 34 49 56
10 24 34 46 55
16 25 32 45 55
11 30 36 47 59
16 20 34 45 52
10 27 30 42 59
12 29 38 48 57
14 21 35 41 56
10 27 33 45 52
17 24 36 43 52
19 29 33 43 60
20 24 32 40 58
10 30 40 48 58
15 20 37 44 53
13 26 37 50 56
17 21 40 43 59
16 28 34 46 50
11 20 38 44 51
14 23 31 45 58
10 26 40 42 60
12 28 34 41 58
16 24 40 50 58
20 27 36 44 53
15 20 33 50 50
11 27 32 46 52
17 26 38 42 60
14 25 34 47 50
15 28 37 50 55
13 25 30 43 53
13 30 38 47 54
17 21 32 49 53
19 23 36 45 53
17 29 31 47 50
12 22 30 50 52
17 26 37 43 51
16 23 39 48 50
10 30 37 43 51
15 28 38 43 58
13 20 36 44 56
18 25 40 47 52
12 26 32 46 57
15 29 34 45 50
16 30 32 45 58
13 20 37 43 57
10 29 36 46 58
16 20 38 50 54
17 26 35 46 58
20 25 33 42 53
16 22 32 50 51
14 28 39 42 60
18 26 34 40 54
20 30 40 48 52
18 22 39 41 51
18 28 39 43 59
14 21 35 41 56
14 24 39 43 54
14 23 35 48 52
12 25 36 47 50
11 26 31 44 55
12 24 36 44 56
18 30 39 41 52
16 25 37 48 55
16 29 30 45 54
17 28 31 45 57
16 29 30 48 54
17 30 33 43 50
15 23 36 46 56
13 22 34 46 57
14 30 36 44 57
14 27 39 48 51
15 20 34 41 55
10 20 34 49 55
17 28 33 48 58
10 30 37 43 57
19 20 30 42 53
17 28 38 40 56
18 20 35 40 50
10 20 36 48 60
14 30 38 41 55
14 21 39 40 59
15 22 40 41 59
20 28 30 48 58
13 22 37 45 50
20 22 35 46 57
15 30 34 41 51
10 22 35 43 53
15 28 32 45 50
10 21 38 46 58
20 26 32 43 55
20 20 36 44 56
20 23 32 42 60
11 23 31 46 55
14 25 31 45 54
13 22 32 43 51
12 30 38 40 56
18 20 37 50 56
14 29 34 47 50
15 23 33 46 57
20 21 34 40 56
14 24 33 42 52
17 27 30 46 55
20 27 39 45 50
19 25 33 46 56
11 25 40 44 55
16 29 39 48 58
13 26 40 43 57
13 29 31 49 50
17 20 37 40 54
10 28 37 40 52
11 24 35 42 50
19 25 38 41 50
20 26 40 40 53
14 28 36 48 60
11 27 32 47 57
14 24 32 45 53
18 25 40 40 54
19 24 36 48 52
10 28 33 48 51
14 21 34 42 51
10 20 32 43 57
15 27 38 46 60
18 25 35 45 56
10 21 33 41 54
12 23 40 45 54
20 21 30 48 55
14 27 35 48 57
16 25 40 49 58
15 25 36 42 57
14 20 39 47 50
10 30 31 42 55
20 26 30 42 57
16 23 39 42 53
10 20 34 46 53
12 23 37 47 53
13 26 33 50 58
12 27 40 40 52
18 25 40 42 52
15 23 39 44 55
12 27 34 49 55
13 21 36 41 50
17 25 32 42 51
17 29 40 47 52
11 27 36 47 56
14 29 34 43 51
14 27 33 45 60
14 24 36 41 59
13 30 31 41 56
20 23 35 48 54
18 24 37 41 51
11 21 36 41 60
12 30 38 44 59
18 25 31 47 56
12 23 36 45 53
12 24 36 40 56
20 20 35 41 57
20 21 31 42 56
16 23 40 50 58
20 27 38 41 51
13 24 39 40 53
